7
15
60
85
86
99
116
118
180
194
224
235
241
245
251
265
272
295
306
323
323
337
340
377
395
408
410
413
415
417
422
456
457
477
504
529
550
560
581
600
622
634
637
639
640
645
647
649
666
676
690
704
730
752
755
764
774
789
792
807
810
813
824
839
843
844
850
858
875
898
905
906
911
912
926
937
937
949
954
958
974
995
998
999
1007
1020
1035
1037
1060
1079
1081
1088
1118
1122
1128
1139
1174
1180
1185
1194
1207
1222
1227
1237
1286
1288
1300
1307
1309
1326
1329
1341
1350
1359
1363
1369
1374
1383
1388
1391
1400
1407
1414
1416
1439
1459
1468
1473
1479
1481
1525
1532
1538
1542
1548
1569
1569
1577
1584
1611
1612
1636
1638
1643
1681
1683
1692
1697
1697
1702
1721
1732
1745
1749
1778
1787
1806
1807
1818
1821
1829
1830
1833
1844
1856
1864
1867
1880
1896
1902
1907
1908
1916
1929
1941
1952
1978
1995
1998
2005
2006
2013
2028
2034
2045
2053
2064
2082
2083
2085
2092
2136
2147
2156
2167
2186
2191
2193
2217
2217
2220
2225
2234
2242
2258
2264
2268
2274
2277
2279
2282
2293
2303
2303
2313
2320
2342
2361
2362
2381
2402
2409
2409
2412
2420
2445
2459
2460
2496
2504
2512
2518
2524
2539
2540
2553
2567
2571
2572
2585
2600
2607
2610
2614
2618
2620
2637
2662
2707
2726
2747
2763
2763
2771
2783
2786
2788
2802
2816
2826
2846
2856
2859
2871
2876
2884
2886
2890
2907
2929
2934
2940
2941
2946
2969
2971
2979
2994
3025
3033
3067
3073
3087
3103
3110
3129
3143
3173
3183
3219
3230
3262
3266
3294
3298
3298
3304
3304
3305
3313
3323
3332
3339
3348
3354
3358
3360
3364
3388
3407
3409
3429
3433
3448
3450
3460
3478
3489
3549
3551
3551
3562
3577
3585
3586
3607
3612
3617
3620
3632
3632
3641
3643
3653
3661
3667
3674
3676
3680
3700
3735
3737
3750
3751
3760
3766
3785
3802
3812
3814
3822
3831
3838
3854
3862
3872
3882
3898
3920
3938
3949
3959
3962
3966
3974
3981
4003
4006
4016
4026
4032
4034
4034
4040
4042
4043
4051
4090
4094
4096
4106
4110
4125
4126
4127
4129
4141
4141
4156
4161
4174
4174
4177
4184
4188
4192
4207
4215
4223
4229
4239
4266
4278
4280
4284
4285
4286
4294
4304
4329
4338
4343
4348
4359
4366
4369
4370
4378
4391
4394
4404
4406
4424
4434
4449
4452
4465
4495
4508
4529
4536
4540
4549
4553
4560
4576
4603
4616
4620
4625
4625
4627
4630
4635
4640
4643
4652
4666
4684
4705
4714
4726
4729
4745
4748
4750
4752
4759
4760
4770
4771
4783
4784
4793
4794
4795
4799
4814
4815
4815
4823
4824
4846
4848
4857
4860
4862
4869
4878
4883
4885
4888
4901
4916
4917
4922
4962
4987
5009
5010
5016
5045
5074
5075
5082
5089
5104
5125
5132
5142
5146
5159
5168
5190
5191
5194
5194
5209
5219
5221
5230
5252
5256
5260
5273
5278
5290
5290
5292
5338
5339
5357
5368
5382
5386
5401
5406
5410
5413
5427
5431
5435
5441
5455
5458
5463
5470
5515
5525
5548
5558
5578
5595
5601
5616
5622
5622
5623
5634
5644
5649
5659
5667
5679
5691
5703
5711
5712
5728
5732
5738
5743
5764
5765
5772
5775
5786
5791
5793
5797
5802
5805
5811
5828
5834
5840
5864
5873
5874
5878
5883
5894
5903
5904
5911
5916
5920
5921
5927
5930
5939
5941
5955
5972
5990
5994
6007
6037
6044
6046
6087
6093
6093
6096
6109
6133
6170
6173
6181
6184
6187
6199
6215
6223
6239
6241
6257
6267
6318
6333
6359
6363
6376
6386
6387
6402
6405
6418
6426
6434
6436
6438
6439
6455
6456
6464
6490
6510
6515
6525
6544
6550
6556
6556
6571
6582
6587
6598
6616
6616
6619
6632
6652
6705
6726
6731
6750
6763
6767
6768
6774
6776
6813
6825
6827
6875
6901
6904
6912
6914
6914
6921
6930
6943
6951
6955
6972
6984
6986
6991
7004
7009
7013
7013
7016
7021
7022
7027
7029
7068
7077
7087
7113
7117
7117
7124
7142
7192
7194
7218
7232
7233
7241
7249
7249
7259
7271
7280
7285
7297
7311
7312
7319
7331
7336
7348
7349
7350
7353
7353
7374
7385
7394
7400
7413
7420
7428
7434
7435
7442
7465
7475
7476
7485
7486
7488
7499
7502
7502
7512
7522
7523
7535
7545
7563
7585
7603
7611
7632
7642
7653
7654
7663
7675
7683
7684
7693
7696
7707
7711
7734
7735
7743
7752
7754
7761
7761
7766
7777
7780
7796
7803
7815
7823
7833
7838
7840
7845
7853
7856
7859
7861
7897
7939
7947
7962
7981
7984
7990
7993
8003
8010
8016
8018
8041
8047
8050
8063
8066
8067
8081
8084
8093
8120
8122
8128
8131
8138
8139
8140
8143
8149
8156
8159
8165
8175
8192
8214
8217
8218
8224
8226
8244
8250
8269
8277
8298
8312
8322
8337
8365
8371
8371
8373
8379
8383
8384
8396
8401
8403
8409
8418
8420
8424
8429
8445
8458
8475
8481
8483
8518
8522
8525
8539
8554
8556
8582
8584
8586
8601
8619
8630
8648
8665
8666
8674
8675
8745
8749
8780
8799
8807
8811
8819
8827
8840
8841
8846
8849
8907
8908
8914
8926
8927
8928
8942
8946
8950
8955
8960
8971
8973
8981
8994
9012
9013
9014
9029
9040
9044
9059
9071
9086
9089
9091
9098
9104
9107
9111
9111
9132
9139
9145
9149
9156
9158
9165
9169
9179
9186
9191
9192
9210
9219
9227
9234
9239
9241
9247
9248
9266
9274
9281
9283
9289
9332
9333
9337
9348
9352
9359
9375
9380
9396
9411
9434
9435
9455
9462
9471
9478
9480
9497
9509
9511
9525
9560
9567
9574
9578
9584
9601
9603
9616
9627
9633
9634
9643
9646
9656
9670
9682
9697
9702
9720
9726
9730
9739
9740
9743
9746
9754
9756
9763
9776
9781
9796
9802
9824
9860
9881
9886
9918
9920
9928
9943
9945
9959
9967
9989
